(1+2)
0551129
0551130
0423144
0423145
0423146
0423147
0423148
0423149
0423150
0719437
0719438
0719439
0707721
0707722
0707723
0707724
0423143
0454314
0256195
0383704
0825101
0825102
0825103
0825104
0825105
0825106
0825107
0825108
0825109
0825110
0825111
0825112
0825113
0825114
0825115
0825116
0825117
0825118
0825119
0825120
0825121
0825122
0825123
0825124
0825125
0825126
0825127
0825128
0825129
0825130
0825131
0825132
0825133
0825134
0825135
0825136
0825137
0825138
0825139
0825140
0825141
0825142
0825143
0825144
0825145
0825146
0825147
0825148
0825149
0825150
0825151
0825152
0825153
0825154
0825155
0825156
0825157
0825158
0825159
0825160
0825161
0825162
0825163
0825164
0825165
0825166
0825167
0825168
0825169
0825170
0825171
0825172
0825173
0825174
0825175
0825176
0825177
0825178
0825179
0825180
0825181
0825182
0825183
0825184
0825185
0825186
0825187
0825188
0825189
0825190
0825191
0825192
0825193
0825194
0825195
0825196
0825197
0825198
0825199
0825200
0254206
0891434
0231798
0231799
0232837
0232838
0232839
0232840
0232841
0252861
0266568
0266569
0266570
0266571
0267369
0269552
0273970
0289223
0298069
0299037
0382010
0304217
0305887
0321079
0327217
0327218
0327219
0327220
0328180
0334451
0339207
0339208
0022601
0022602
0022603
0022604
0022605
0777277
0495376
0911983
0335442
0188922
0355246
0290134
0364509
0627914
0911979
0911982
0267402
0177254
0172726
0193511
0911981
0193504
0495174
0495173
0495175
0495172
0527641
0508859
0774700
0774655
0774670
0774656
0485691
0394092
0394091
3
0393355
0393356
0393357
0393358
0393359
0547307
0243733
0243732
0243731
0547308
0344971
0344972
0344973
0344974
0344975
0344963
0243734
0243735
0243736
0243737
0243738
0243739
0243740
0656582
0656583
0009890
0243851
0243852
0243853
0243854
0243855
0243856
0243857
0243858
0243859
0243860
0464311
0464312
0972003
0342193
0342195
0342194
0654585
0654586
0610488
0782193
0219181
0219188
0219187
0219186
0219185
0219191
0219192
0219193
0219189
0219190
0360703
0360704
0360705
0360706
0360707
0788601
0788602
0788603
0788604
0788605
0788606
0788607
0788608
0788609
0788610
0788611
0788612
0788613
0788614
0788615
0788616
0788617
0788618
0788619
0788620
0788621
0788622
0788623
0788624
0788625
0788626
0788627
0788628
0788629
0788630
0788631
0788632
0788633
0788634
0788635
0788636
0788637
0788638
0788639
0788640
4
0428359
0434788
0434789
0434922
0434924
0434925
0434926
0434927
0434928
0434929
0442232
0452441
0452448
0452449
0452450
0463767
0469130
0482262
0495809
0499026
0499190
0499994
0527516
0533801
0538849
0542293
0557834
0557835
0557836
0557837
0557838
0557839
0557840
0566176
0566177
0566178
0566179
0566180
0566181
0566182
0566183
0566184
0566185
0566186
0566187
0566188
0559168
0564482
0572993
0572994
0575773
0584328
0584329
0584330
0584331
0584332
0584333
0584334
0584335
0584336
0584337
0584338
0584339
0584340
0584341
0584342
0584343
0584344
0584345
0584346
0584347
0584348
0584349
0584350
0584351
0584352
0584353
0584354
0584355
0584356
0584357
0584358
0584359
0584360
0584361
0584362
0584363
0584364
0584365
0584366
0584367
0584368
0584369
0584370
0584371
0584372
0584373
0584374
0584375
0584376
5
0296422
0386835
0304268
0115521
0916205
0701511
0701512
0701513
0701514
0701515
0701516
0701517
0701518
0701519
0701520
0701401
0701402
0701403
0701404
0701405
0701406
0701407
0701408
0701409
0701410
0701411
0701412
0701413
0701414
0701415
0701416
0701417
0701418
0701419
0701420
6
0360708
0360709
0360710
0360711
0360712
0360713
0360714
0360715
0360716
0360717
0360718
0360719
0360720
0522062
0522063
0360701
0360702
0463171
0463172
0463173
0463174
0463175
0000919
0021807
0021805
0492207
0492205
0374156
0379636
0144257
0532089
0144256
0144258
0198847
0198845
0198844
0198843
0282759
0417942
0443032
0120079
0120078
0360103
0581680
0379866
0389850
0444686
0639283
0411782
0138977
0411147
0181310
0019868
0019869
0019872
0198841
0158073
0463182
0093561
0093555
0093556
0093557
0093558
0093559
0093560
0532087
0532088
7
0464313
0464314
0464315
0464316
0464317
0464318
0464319
0464320
0464321
0464322
0464323
0464324
0464325
0464326
0464327
0464328
0464329
0464330
0520234
0520235
0520236
0520079
0386029
0525211
0525212
0525213
0525214
0525215
0620397
0916271
0916272
0916273
0916274
0916275
0916276
0916277
0916278
0916279
0916280
0620398
0620399
0013797
0013599
0013550
0013551
0013552
0013561
0013562
0013563
0013564
0013565
0013566
0013567
0013568
0013569
0510408
0344972
0344973
0344974
0344975
0982612
0698620
0533201
0961392
0340430
0352583
0842966
0842969
0867665
0867666
0867667
0072552
0072553
0072554
0072555
0072556
0257375
0344963
0257372
0257378
0257381
0257369
0009118
0009119
0009120
0009121
0009122
0009123
0009124
0009125
0453139
0393354
0340430
0928562
0344909
0313157
0312849
0401811
0701844
0681497
0078068
8
0951038
0368638
0691039
0728309
0728308
0288733
0728311
0288734
0728310
0288737
-1


